50,55,49,28,23,17,22,26,15,9,14,8,13,7,12,6,11,770
50,55,49,28,23,17,22,26,15,9,14,8,3,7,12,6,11,800
50,55,49,28,23,17,22,26,15,9,14,8,13,7,2,6,11,830
50,55,49,28,23,17,22,26,15,9,14,8,13,7,12,6,12,6,11,850
50,55,49,28,23,17,22,26,15,9,14,8,13,7,3,7,2,6,11,850
50,55,49,28,23,17,22,26,15,9,14,8,13,7,12,7,12,6,11,850
50,55,49,28,23,17,22,26,15,9,14,8,13,8,13,7,2,6,11,870
50,55,49,28,23,17,22,26,15,9,4,8,13,8,3,7,12,6,11,870
50,55,49,28,23,17,22,26,15,10,15,9,4,8,13,7,2,6,11,880
50,55,49,28,23,17,22,26,15,9,14,8,13,7,12,6,2,6,11,890
