N = 60,Max = 100,Pc = 0.8,Pm = 0.5,Ts = 5,(i = 10)
70,50,20,80,10,80,40,30,30,90,90,20,50,40,40,60
70,50,20,80,10,80,40,30,30,70,80,20,50,80,60,60
40,70,10,80,90,10,60,60,70,70,80,90,10,40,40,60
70,50,20,80,10,80,40,30,30,90,90,20,50,40,40,40,40,60
70,50,20,80,10,80,40,30,30,90,90,90,10,80,60,60
70,50,10,60,90,10,60,50,60,10,30,90,90,20,50,40,40,60
70,50,20,80,10,80,40,30,30,30,30,90,90,90,10,40,40,60
40,70,10,80,90,10,60,50,60,10,30,90,90,20,50,40,40,60
70,50,20,80,10,80,40,30,30,70,60,30,80,80,50,40,40,60
40,70,90,60,90,10,60,30,10,50,70,90,90,20,50,40,40,60
N = 60,Max = 100,Pc = 0.8,Pm = 0.5,Ts = 5,(i = 50)
70,50,20,80,10,80,40,30,30,90,90,20,50,40,40,60
70,50,20,80,10,80,40,30,30,70,80,20,50,80,60,60
70,50,20,80,10,80,40,30,30,90,90,20,50,80,60,60
40,70,10,80,90,10,60,60,70,70,80,90,10,40,40,60
70,50,20,80,10,80,40,30,30,90,90,20,50,40,40,40,40,60
70,50,20,80,10,80,40,30,30,90,90,20,50,10,10,80,60,60
70,50,20,80,10,80,40,30,30,90,90,90,10,80,60,60
70,50,10,60,90,10,60,50,60,10,30,90,90,20,50,40,40,60
70,50,20,80,10,80,40,30,30,30,30,90,90,90,10,40,40,60
40,70,10,80,90,10,60,50,60,10,30,90,90,20,50,40,40,60
N = 60,Max = 100,Pc = 0.8,Pm = 0.5,Ts = 5,(i = 100)
70,50,20,80,10,80,40,30,30,90,90,20,50,40,40,60
70,50,20,80,10,80,40,30,30,70,80,20,50,80,60,60
70,50,20,80,10,80,40,30,30,90,90,20,50,80,60,60
40,70,10,80,90,10,60,60,70,70,80,90,10,40,40,60
70,50,20,80,10,80,40,30,30,90,90,20,50,40,40,40,40,60
70,50,20,80,10,80,40,30,30,90,90,20,50,10,10,80,60,60
70,50,20,80,10,80,40,30,30,90,90,20,50,40,40,40,40,60
70,50,20,80,10,80,40,30,30,90,90,90,10,80,60,60
70,50,10,60,90,10,60,50,60,10,30,90,90,20,50,40,40,60
70,50,20,80,10,80,40,30,30,30,30,90,90,90,10,40,40,60
